

epoch: 00000

        0    1    2    3    4    5    6    7    8    9   10   11  avr.
ICC  0.22 0.21 0.71 0.04 0.55 0.55 0.86 0.08 0.21 0.14 0.89 0.24  0.39
PCC  0.44 0.43 0.81 0.06 0.60 0.66 0.87 0.18 0.24 0.18 0.90 0.42  0.48
RMSE 0.69 0.74 0.69 0.24 0.59 0.49 0.65 0.44 0.51 0.36 0.61 0.94  0.58
MAE  0.30 0.32 0.55 0.10 0.35 0.30 0.40 0.18 0.32 0.20 0.44 0.57  0.34
ACC  0.91 0.90 0.53 0.98 0.79 0.86 0.72 0.92 0.87 0.96 0.70 0.75  0.83
F1-b 0.31 0.24 0.39 0.05 0.56 0.42 0.75 0.04 0.19 0.18 0.83 0.20  0.35


epoch: 00001

        0    1    2    3    4    5    6    7    8    9   10   11  avr.
ICC  0.43 0.31 0.71 0.11 0.67 0.67 0.85 0.14 0.33 0.23 0.91 0.55  0.49
PCC  0.52 0.36 0.78 0.16 0.67 0.72 0.87 0.33 0.34 0.23 0.93 0.62  0.54
RMSE 0.64 0.74 0.65 0.24 0.64 0.42 0.50 0.41 0.66 0.51 0.55 0.67  0.55
MAE  0.28 0.35 0.42 0.09 0.44 0.21 0.36 0.18 0.47 0.33 0.40 0.46  0.33
ACC  0.88 0.89 0.75 0.98 0.69 0.94 0.81 0.92 0.70 0.79 0.69 0.68  0.81
F1-b 0.27 0.21 0.55 0.05 0.47 0.62 0.82 0.08 0.30 0.16 0.90 0.61  0.42


epoch: 00002

        0    1    2    3    4    5    6    7    8    9   10   11  avr.
ICC  0.44 0.33 0.71 0.11 0.57 0.65 0.87 0.15 0.33 0.23 0.92 0.36  0.47
PCC  0.52 0.43 0.82 0.18 0.59 0.74 0.88 0.28 0.34 0.24 0.92 0.42  0.53
RMSE 0.66 0.72 0.69 0.23 0.60 0.43 0.48 0.42 0.61 0.50 0.53 0.83  0.56
MAE  0.35 0.35 0.36 0.08 0.36 0.19 0.30 0.17 0.35 0.27 0.39 0.52  0.31
ACC  0.87 0.89 0.85 0.98 0.78 0.94 0.81 0.92 0.79 0.86 0.70 0.71  0.84
F1-b 0.35 0.27 0.72 0.05 0.55 0.67 0.82 0.07 0.34 0.19 0.87 0.46  0.45


epoch: 00003

        0    1    2    3    4    5    6    7    8    9   10   11  avr.
ICC  0.45 0.29 0.80 0.31 0.63 0.74 0.83 0.18 0.38 0.23 0.93 0.43  0.52
PCC  0.53 0.33 0.84 0.38 0.66 0.76 0.89 0.32 0.38 0.25 0.93 0.52  0.56
RMSE 0.63 0.73 0.57 0.21 0.57 0.40 0.52 0.42 0.54 0.37 0.51 0.76  0.52
MAE  0.31 0.31 0.34 0.06 0.35 0.19 0.30 0.17 0.33 0.18 0.36 0.48  0.28
ACC  0.85 0.85 0.81 0.99 0.78 0.92 0.81 0.92 0.79 0.94 0.73 0.74  0.84
F1-b 0.34 0.22 0.63 0.05 0.56 0.59 0.81 0.18 0.32 0.28 0.92 0.58  0.46


epoch: 00004

        0    1    2    3    4    5    6    7    8    9   10   11  avr.
ICC  0.38 0.21 0.74 0.36 0.63 0.65 0.85 0.16 0.45 0.24 0.89 0.48  0.50
PCC  0.40 0.22 0.77 0.38 0.63 0.70 0.86 0.29 0.45 0.24 0.89 0.48  0.53
RMSE 1.03 1.08 0.70 0.23 0.60 0.45 0.51 0.41 0.45 0.41 0.69 0.92  0.62
MAE  0.57 0.57 0.50 0.11 0.38 0.24 0.33 0.20 0.28 0.22 0.51 0.61  0.38
ACC  0.70 0.76 0.66 0.98 0.76 0.92 0.79 0.92 0.84 0.90 0.55 0.59  0.78
F1-b 0.33 0.21 0.46 0.12 0.54 0.61 0.81 0.16 0.38 0.26 0.81 0.58  0.44


epoch: 00005

        0    1    2    3    4    5    6    7    8    9   10   11  avr.
ICC  0.44 0.25 0.77 0.34 0.54 0.60 0.87 0.15 0.46 0.29 0.91 0.54  0.51
PCC  0.46 0.26 0.84 0.39 0.56 0.65 0.88 0.32 0.46 0.30 0.92 0.55  0.55
RMSE 0.69 0.82 0.59 0.22 0.66 0.47 0.48 0.42 0.46 0.40 0.56 0.74  0.54
MAE  0.35 0.39 0.32 0.08 0.45 0.20 0.33 0.16 0.26 0.23 0.39 0.48  0.31
ACC  0.84 0.84 0.84 0.99 0.70 0.94 0.77 0.92 0.82 0.89 0.71 0.71  0.83
F1-b 0.31 0.19 0.74 0.15 0.47 0.58 0.77 0.10 0.32 0.22 0.89 0.63  0.45


epoch: 00006

        0    1    2    3    4    5    6    7    8    9   10   11  avr.
ICC  0.47 0.29 0.79 0.38 0.57 0.64 0.86 0.23 0.52 0.30 0.92 0.44  0.53
PCC  0.48 0.30 0.83 0.43 0.60 0.67 0.87 0.40 0.52 0.30 0.92 0.49  0.57
RMSE 0.70 0.81 0.58 0.22 0.62 0.46 0.49 0.40 0.49 0.41 0.58 0.75  0.54
MAE  0.34 0.36 0.32 0.07 0.42 0.22 0.32 0.17 0.33 0.21 0.43 0.54  0.31
ACC  0.83 0.84 0.84 0.99 0.71 0.93 0.78 0.92 0.76 0.91 0.65 0.61  0.81
F1-b 0.37 0.25 0.72 0.15 0.49 0.64 0.79 0.22 0.34 0.28 0.83 0.55  0.47


epoch: 00007

        0    1    2    3    4    5    6    7    8    9   10   11  avr.
ICC  0.43 0.31 0.69 0.44 0.55 0.55 0.87 0.24 0.46 0.26 0.90 0.58  0.52
PCC  0.44 0.33 0.80 0.44 0.62 0.65 0.87 0.41 0.46 0.28 0.90 0.58  0.56
RMSE 0.72 0.77 0.66 0.24 0.57 0.48 0.51 0.42 0.43 0.37 0.60 0.83  0.55
MAE  0.37 0.36 0.39 0.10 0.30 0.21 0.34 0.18 0.26 0.19 0.44 0.57  0.31
ACC  0.81 0.84 0.80 0.98 0.83 0.94 0.75 0.92 0.85 0.94 0.62 0.58  0.82
F1-b 0.39 0.31 0.66 0.14 0.60 0.61 0.74 0.23 0.43 0.35 0.81 0.59  0.49


epoch: 00008

        0    1    2    3    4    5    6    7    8    9   10   11  avr.
ICC  0.46 0.36 0.74 0.29 0.59 0.73 0.88 0.21 0.48 0.28 0.93 0.68  0.55
PCC  0.57 0.45 0.82 0.37 0.61 0.76 0.88 0.39 0.48 0.29 0.93 0.69  0.60
RMSE 0.63 0.68 0.62 0.21 0.61 0.40 0.48 0.41 0.44 0.37 0.55 0.67  0.51
MAE  0.28 0.26 0.37 0.07 0.40 0.19 0.31 0.17 0.28 0.18 0.42 0.44  0.28
ACC  0.88 0.89 0.80 0.98 0.76 0.92 0.80 0.92 0.85 0.93 0.64 0.73  0.84
F1-b 0.35 0.29 0.65 0.10 0.54 0.64 0.81 0.18 0.40 0.34 0.86 0.72  0.49


epoch: 00009

        0    1    2    3    4    5    6    7    8    9   10   11  avr.
ICC  0.42 0.24 0.73 0.46 0.56 0.72 0.85 0.22 0.40 0.23 0.91 0.57  0.53
PCC  0.43 0.24 0.80 0.47 0.57 0.74 0.87 0.36 0.40 0.24 0.92 0.61  0.55
RMSE 0.73 0.84 0.64 0.22 0.62 0.42 0.49 0.42 0.49 0.40 0.55 0.69  0.54
MAE  0.37 0.38 0.33 0.07 0.37 0.20 0.31 0.18 0.29 0.22 0.39 0.45  0.30
ACC  0.83 0.83 0.84 0.98 0.79 0.91 0.80 0.92 0.84 0.90 0.71 0.75  0.84
F1-b 0.27 0.16 0.71 0.14 0.55 0.53 0.81 0.28 0.36 0.21 0.90 0.70  0.47


epoch: 00010

        0    1    2    3    4    5    6    7    8    9   10   11  avr.
ICC  0.40 0.25 0.78 0.36 0.54 0.68 0.83 0.28 0.41 0.20 0.92 0.52  0.51
PCC  0.41 0.25 0.79 0.40 0.54 0.68 0.85 0.40 0.41 0.24 0.92 0.57  0.54
RMSE 0.76 0.83 0.64 0.22 0.67 0.46 0.52 0.41 0.47 0.41 0.54 0.71  0.55
MAE  0.38 0.40 0.39 0.07 0.41 0.25 0.31 0.18 0.30 0.24 0.41 0.47  0.32
ACC  0.81 0.83 0.76 0.99 0.74 0.87 0.80 0.92 0.83 0.95 0.69 0.71  0.82
F1-b 0.30 0.19 0.54 0.15 0.47 0.43 0.79 0.29 0.38 0.25 0.89 0.64  0.44


epoch: 00011

        0    1    2    3    4    5    6    7    8    9   10   11  avr.
ICC  0.46 0.29 0.80 0.47 0.53 0.68 0.86 0.34 0.41 0.21 0.91 0.60  0.55
PCC  0.46 0.29 0.82 0.51 0.54 0.71 0.87 0.41 0.41 0.21 0.92 0.64  0.56
RMSE 0.79 0.89 0.59 0.20 0.66 0.44 0.50 0.40 0.49 0.42 0.54 0.66  0.55
MAE  0.41 0.44 0.33 0.06 0.40 0.21 0.32 0.19 0.30 0.23 0.41 0.46  0.31
ACC  0.79 0.82 0.82 0.99 0.74 0.93 0.78 0.91 0.79 0.89 0.67 0.73  0.82
F1-b 0.34 0.24 0.67 0.15 0.48 0.63 0.78 0.36 0.31 0.21 0.85 0.67  0.47


epoch: 00012

        0    1    2    3    4    5    6    7    8    9   10   11  avr.
ICC  0.40 0.27 0.78 0.46 0.52 0.69 0.86 0.35 0.42 0.23 0.87 0.55  0.53
PCC  0.40 0.27 0.81 0.50 0.55 0.72 0.87 0.39 0.43 0.24 0.87 0.57  0.55
RMSE 0.80 0.89 0.61 0.21 0.61 0.43 0.48 0.41 0.44 0.38 0.71 0.72  0.56
MAE  0.41 0.44 0.38 0.07 0.32 0.21 0.30 0.21 0.25 0.17 0.52 0.48  0.31
ACC  0.82 0.82 0.77 0.99 0.81 0.91 0.80 0.87 0.84 0.94 0.58 0.72  0.82
F1-b 0.37 0.28 0.60 0.15 0.55 0.55 0.81 0.33 0.32 0.35 0.79 0.65  0.48


epoch: 00013

        0    1    2    3    4    5    6    7    8    9   10   11  avr.
ICC  0.43 0.26 0.80 0.37 0.56 0.67 0.85 0.30 0.41 0.25 0.89 0.56  0.53
PCC  0.43 0.26 0.80 0.46 0.58 0.67 0.86 0.38 0.41 0.26 0.90 0.60  0.55
RMSE 0.74 0.84 0.69 0.21 0.63 0.48 0.51 0.41 0.55 0.38 0.62 0.71  0.56
MAE  0.39 0.41 0.45 0.07 0.39 0.22 0.31 0.20 0.36 0.20 0.47 0.48  0.33
ACC  0.81 0.84 0.72 0.99 0.76 0.90 0.79 0.89 0.75 0.94 0.63 0.73  0.81
F1-b 0.33 0.20 0.51 0.15 0.51 0.51 0.78 0.26 0.31 0.30 0.83 0.65  0.45


epoch: 00014

        0    1    2    3    4    5    6    7    8    9   10   11  avr.
ICC  0.45 0.28 0.76 0.41 0.57 0.63 0.84 0.24 0.42 0.30 0.91 0.65  0.54
PCC  0.54 0.34 0.83 0.47 0.60 0.74 0.87 0.42 0.43 0.33 0.92 0.68  0.60
RMSE 0.66 0.73 0.60 0.21 0.59 0.43 0.50 0.41 0.43 0.35 0.56 0.63  0.51
MAE  0.31 0.31 0.32 0.07 0.35 0.17 0.33 0.17 0.23 0.18 0.42 0.45  0.28
ACC  0.89 0.88 0.82 0.99 0.77 0.94 0.76 0.92 0.86 0.95 0.63 0.71  0.84
F1-b 0.33 0.24 0.66 0.15 0.54 0.62 0.75 0.24 0.39 0.37 0.83 0.66  0.48


epoch: 00015

        0    1    2    3    4    5    6    7    8    9   10   11  avr.
ICC  0.47 0.27 0.77 0.47 0.55 0.74 0.88 0.26 0.42 0.25 0.91 0.67  0.55
PCC  0.50 0.28 0.81 0.50 0.58 0.74 0.88 0.45 0.44 0.27 0.92 0.73  0.59
RMSE 0.66 0.78 0.61 0.20 0.59 0.43 0.51 0.40 0.41 0.36 0.55 0.59  0.51
MAE  0.33 0.33 0.33 0.05 0.32 0.20 0.32 0.16 0.23 0.16 0.40 0.38  0.27
ACC  0.83 0.85 0.83 0.98 0.80 0.91 0.78 0.92 0.87 0.94 0.69 0.76  0.85
F1-b 0.37 0.22 0.68 0.15 0.54 0.52 0.78 0.24 0.38 0.30 0.88 0.74  0.48


epoch: 00016

        0    1    2    3    4    5    6    7    8    9   10   11  avr.
ICC  0.46 0.23 0.76 0.46 0.55 0.72 0.86 0.27 0.40 0.31 0.91 0.63  0.55
PCC  0.48 0.25 0.82 0.50 0.57 0.77 0.87 0.44 0.41 0.33 0.92 0.68  0.59
RMSE 0.67 0.79 0.61 0.21 0.61 0.40 0.49 0.40 0.43 0.36 0.54 0.64  0.51
MAE  0.33 0.35 0.35 0.06 0.35 0.19 0.31 0.16 0.25 0.18 0.41 0.42  0.28
ACC  0.84 0.85 0.83 0.98 0.79 0.93 0.78 0.93 0.88 0.96 0.69 0.75  0.85
F1-b 0.35 0.19 0.68 0.14 0.55 0.62 0.76 0.29 0.40 0.41 0.87 0.71  0.50


epoch: 00017

        0    1    2    3    4    5    6    7    8    9   10   11  avr.
ICC  0.41 0.21 0.75 0.48 0.55 0.69 0.88 0.26 0.38 0.32 0.92 0.69  0.55
PCC  0.42 0.21 0.83 0.52 0.59 0.76 0.88 0.42 0.38 0.32 0.92 0.71  0.58
RMSE 0.73 0.86 0.61 0.20 0.59 0.40 0.48 0.40 0.48 0.38 0.56 0.61  0.53
MAE  0.37 0.42 0.33 0.06 0.32 0.17 0.31 0.17 0.28 0.18 0.40 0.41  0.28
ACC  0.81 0.82 0.84 0.99 0.81 0.95 0.79 0.92 0.83 0.92 0.68 0.75  0.84
F1-b 0.28 0.18 0.70 0.23 0.57 0.72 0.78 0.31 0.33 0.28 0.89 0.72  0.50


epoch: 00018

        0    1    2    3    4    5    6    7    8    9   10   11  avr.
ICC  0.32 0.19 0.70 0.46 0.54 0.62 0.87 0.23 0.38 0.26 0.93 0.60  0.51
PCC  0.35 0.21 0.80 0.50 0.55 0.73 0.87 0.37 0.38 0.26 0.93 0.64  0.55
RMSE 0.72 0.81 0.67 0.21 0.64 0.44 0.48 0.42 0.54 0.41 0.51 0.66  0.54
MAE  0.34 0.35 0.34 0.07 0.36 0.19 0.30 0.19 0.30 0.21 0.37 0.45  0.29
ACC  0.82 0.85 0.84 0.98 0.78 0.95 0.78 0.92 0.83 0.89 0.70 0.71  0.84
F1-b 0.24 0.20 0.70 0.14 0.55 0.72 0.76 0.22 0.34 0.22 0.87 0.67  0.47
