

epoch: 00000

        0    1    2    3    4  avr.
ICC  0.77 0.73 0.88 0.56 0.51  0.69
PCC  0.77 0.75 0.89 0.56 0.57  0.71
RMSE 1.05 1.20 0.85 1.43 0.86  1.08
MAE  0.81 0.93 0.62 1.12 0.67  0.83
ACC  0.40 0.32 0.56 0.29 0.47  0.41
F1-b 0.69 0.75 0.83 0.60 0.64  0.70


epoch: 00001

        0    1    2    3    4  avr.
ICC  0.76 0.75 0.87 0.44 0.59  0.68
PCC  0.76 0.75 0.88 0.50 0.59  0.70
RMSE 0.90 1.00 0.76 1.12 0.98  0.95
MAE  0.64 0.71 0.52 0.87 0.73  0.69
ACC  0.54 0.50 0.63 0.37 0.48  0.50
F1-b 0.74 0.83 0.86 0.65 0.63  0.75


epoch: 00002

        0    1    2    3    4  avr.
ICC  0.79 0.75 0.86 0.55 0.59  0.71
PCC  0.79 0.76 0.87 0.56 0.59  0.71
RMSE 0.91 0.98 0.78 1.25 1.18  1.02
MAE  0.66 0.72 0.53 0.92 0.91  0.75
ACC  0.51 0.48 0.61 0.44 0.37  0.48
F1-b 0.74 0.83 0.86 0.68 0.61  0.74


epoch: 00003

        0    1    2    3    4  avr.
ICC  0.79 0.75 0.85 0.49 0.59  0.69
PCC  0.79 0.77 0.86 0.51 0.59  0.71
RMSE 0.92 0.98 0.82 1.17 0.89  0.96
MAE  0.66 0.74 0.58 0.91 0.64  0.71
ACC  0.52 0.45 0.57 0.38 0.54  0.49
F1-b 0.75 0.81 0.85 0.66 0.66  0.75


epoch: 00004

        0    1    2    3    4  avr.
ICC  0.78 0.72 0.87 0.49 0.63  0.70
PCC  0.78 0.72 0.87 0.51 0.66  0.71
RMSE 0.91 1.08 0.81 1.28 0.78  0.97
MAE  0.62 0.76 0.53 1.02 0.58  0.70
ACC  0.58 0.50 0.64 0.30 0.55  0.51
F1-b 0.77 0.83 0.87 0.61 0.66  0.75


epoch: 00005

        0    1    2    3    4  avr.
ICC  0.79 0.72 0.86 0.49 0.60  0.69
PCC  0.79 0.75 0.87 0.51 0.60  0.70
RMSE 0.90 1.00 0.77 1.16 0.89  0.94
MAE  0.64 0.74 0.53 0.88 0.66  0.69
ACC  0.54 0.43 0.62 0.39 0.53  0.50
F1-b 0.75 0.81 0.86 0.67 0.66  0.75


epoch: 00006

        0    1    2    3    4  avr.
ICC  0.77 0.74 0.87 0.44 0.58  0.68
PCC  0.79 0.75 0.87 0.45 0.60  0.69
RMSE 0.83 1.01 0.76 1.44 0.84  0.97
MAE  0.59 0.72 0.51 1.14 0.61  0.71
ACC  0.56 0.49 0.63 0.29 0.55  0.50
F1-b 0.78 0.84 0.87 0.61 0.65  0.75


epoch: 00007

        0    1    2    3    4  avr.
ICC  0.76 0.69 0.87 0.42 0.62  0.67
PCC  0.77 0.71 0.87 0.45 0.63  0.69
RMSE 0.87 1.04 0.79 1.23 0.82  0.95
MAE  0.58 0.77 0.52 0.97 0.59  0.69
ACC  0.60 0.45 0.62 0.33 0.55  0.51
F1-b 0.77 0.80 0.86 0.63 0.64  0.74


epoch: 00008

        0    1    2    3    4  avr.
ICC  0.77 0.73 0.87 0.48 0.58  0.68
PCC  0.77 0.74 0.87 0.50 0.60  0.70
RMSE 0.88 1.00 0.78 1.16 0.84  0.93
MAE  0.57 0.74 0.53 0.90 0.61  0.67
ACC  0.63 0.46 0.61 0.38 0.55  0.53
F1-b 0.77 0.82 0.85 0.67 0.63  0.75


epoch: 00009

        0    1    2    3    4  avr.
ICC  0.71 0.73 0.86 0.45 0.60  0.67
PCC  0.74 0.75 0.86 0.48 0.61  0.69
RMSE 0.98 0.97 0.79 1.20 0.87  0.96
MAE  0.66 0.72 0.54 0.92 0.63  0.70
ACC  0.56 0.49 0.61 0.38 0.53  0.51
F1-b 0.75 0.84 0.86 0.66 0.64  0.75


epoch: 00010

        0    1    2    3    4  avr.
ICC  0.75 0.72 0.85 0.45 0.58  0.67
PCC  0.77 0.75 0.86 0.49 0.59  0.69
RMSE 0.87 1.06 0.81 1.28 0.89  0.98
MAE  0.60 0.83 0.56 1.02 0.67  0.74
ACC  0.58 0.38 0.59 0.29 0.49  0.47
F1-b 0.77 0.79 0.85 0.62 0.63  0.73


epoch: 00011

        0    1    2    3    4  avr.
ICC  0.77 0.71 0.87 0.46 0.54  0.67
PCC  0.78 0.74 0.87 0.48 0.57  0.69
RMSE 0.86 1.00 0.75 1.24 0.89  0.95
MAE  0.57 0.76 0.52 0.97 0.69  0.70
ACC  0.62 0.44 0.62 0.35 0.45  0.50
F1-b 0.78 0.81 0.88 0.63 0.62  0.74


epoch: 00012

        0    1    2    3    4  avr.
ICC  0.77 0.71 0.86 0.41 0.56  0.66
PCC  0.77 0.73 0.87 0.46 0.58  0.68
RMSE 0.88 1.03 0.77 1.15 0.86  0.94
MAE  0.60 0.76 0.53 0.87 0.64  0.68
ACC  0.59 0.45 0.62 0.41 0.50  0.52
F1-b 0.77 0.83 0.86 0.68 0.64  0.76


epoch: 00013

        0    1    2    3    4  avr.
ICC  0.80 0.75 0.86 0.44 0.55  0.68
PCC  0.80 0.76 0.87 0.48 0.55  0.69
RMSE 0.82 0.96 0.78 1.18 1.02  0.95
MAE  0.54 0.71 0.54 0.89 0.74  0.69
ACC  0.62 0.47 0.61 0.39 0.48  0.52
F1-b 0.79 0.84 0.86 0.66 0.64  0.76


epoch: 00014

        0    1    2    3    4  avr.
ICC  0.79 0.72 0.85 0.41 0.55  0.66
PCC  0.80 0.74 0.87 0.46 0.61  0.69
RMSE 0.82 1.00 0.78 1.15 0.84  0.92
MAE  0.56 0.73 0.54 0.89 0.59  0.67
ACC  0.60 0.47 0.61 0.37 0.58  0.53
F1-b 0.78 0.84 0.87 0.66 0.63  0.75


epoch: 00015

        0    1    2    3    4  avr.
ICC  0.78 0.75 0.88 0.47 0.56  0.69
PCC  0.79 0.76 0.88 0.50 0.59  0.70
RMSE 0.84 0.97 0.77 1.18 0.83  0.92
MAE  0.55 0.68 0.51 0.89 0.63  0.65
ACC  0.62 0.51 0.65 0.39 0.52  0.54
F1-b 0.79 0.85 0.88 0.65 0.64  0.76


epoch: 00016

        0    1    2    3    4  avr.
ICC  0.78 0.71 0.86 0.49 0.60  0.69
PCC  0.79 0.73 0.86 0.51 0.62  0.70
RMSE 0.84 1.01 0.80 1.22 0.85  0.94
MAE  0.56 0.74 0.53 0.93 0.64  0.68
ACC  0.60 0.48 0.62 0.39 0.51  0.52
F1-b 0.79 0.84 0.85 0.66 0.64  0.75


epoch: 00017

        0    1    2    3    4  avr.
ICC  0.78 0.72 0.86 0.44 0.56  0.67
PCC  0.78 0.74 0.86 0.49 0.59  0.70
RMSE 0.85 1.01 0.78 1.18 0.84  0.93
MAE  0.59 0.77 0.54 0.94 0.62  0.69
ACC  0.59 0.43 0.62 0.33 0.56  0.51
F1-b 0.77 0.81 0.86 0.63 0.65  0.74


epoch: 00018

        0    1    2    3    4  avr.
ICC  0.78 0.71 0.86 0.44 0.60  0.68
PCC  0.79 0.73 0.87 0.46 0.61  0.69
RMSE 0.85 1.02 0.79 1.23 0.84  0.94
MAE  0.56 0.74 0.52 0.95 0.63  0.68
ACC  0.61 0.48 0.63 0.35 0.51  0.52
F1-b 0.78 0.84 0.86 0.65 0.63  0.75
