

epoch: 00000

        0    1    2    3    4  avr.
ICC  0.85 0.84 0.91 0.60 0.68  0.78
PCC  0.86 0.86 0.92 0.60 0.77  0.80
RMSE 0.85 0.95 0.72 1.31 0.64  0.89
MAE  0.67 0.73 0.56 0.97 0.50  0.69
ACC  0.48 0.45 0.56 0.38 0.63  0.50
F1-b 0.72 0.79 0.84 0.73 0.67  0.75


epoch: 00001

        0    1    2    3    4  avr.
ICC  0.88 0.88 0.92 0.66 0.81  0.83
PCC  0.89 0.89 0.92 0.70 0.81  0.84
RMSE 0.66 0.68 0.61 1.02 0.60  0.71
MAE  0.46 0.49 0.41 0.77 0.43  0.51
ACC  0.66 0.62 0.69 0.45 0.67  0.62
F1-b 0.83 0.89 0.93 0.78 0.69  0.83


epoch: 00002

        0    1    2    3    4  avr.
ICC  0.88 0.88 0.91 0.71 0.82  0.84
PCC  0.89 0.89 0.92 0.72 0.82  0.85
RMSE 0.68 0.68 0.63 1.01 0.69  0.74
MAE  0.49 0.50 0.43 0.73 0.53  0.54
ACC  0.65 0.63 0.67 0.49 0.60  0.61
F1-b 0.82 0.88 0.93 0.76 0.67  0.81


epoch: 00003

        0    1    2    3    4  avr.
ICC  0.89 0.89 0.92 0.75 0.82  0.85
PCC  0.89 0.90 0.94 0.78 0.83  0.86
RMSE 0.70 0.68 0.63 0.88 0.54  0.69
MAE  0.51 0.50 0.44 0.67 0.38  0.50
ACC  0.61 0.62 0.66 0.50 0.76  0.63
F1-b 0.81 0.87 0.94 0.78 0.76  0.83


epoch: 00004

        0    1    2    3    4  avr.
ICC  0.91 0.91 0.94 0.77 0.84  0.87
PCC  0.91 0.91 0.94 0.78 0.86  0.88
RMSE 0.61 0.63 0.54 0.88 0.51  0.63
MAE  0.42 0.45 0.36 0.65 0.33  0.44
ACC  0.69 0.67 0.73 0.52 0.77  0.68
F1-b 0.86 0.91 0.93 0.79 0.77  0.85


epoch: 00005

        0    1    2    3    4  avr.
ICC  0.89 0.89 0.93 0.78 0.85  0.87
PCC  0.90 0.90 0.94 0.81 0.85  0.88
RMSE 0.65 0.64 0.56 0.82 0.53  0.64
MAE  0.45 0.47 0.38 0.60 0.37  0.46
ACC  0.67 0.64 0.71 0.54 0.75  0.66
F1-b 0.83 0.88 0.94 0.80 0.77  0.84


epoch: 00006

        0    1    2    3    4  avr.
ICC  0.90 0.91 0.94 0.80 0.85  0.88
PCC  0.91 0.92 0.95 0.81 0.87  0.89
RMSE 0.59 0.60 0.49 0.89 0.49  0.61
MAE  0.42 0.44 0.33 0.67 0.31  0.43
ACC  0.67 0.67 0.75 0.49 0.79  0.67
F1-b 0.84 0.89 0.93 0.77 0.79  0.85


epoch: 00007

        0    1    2    3    4  avr.
ICC  0.91 0.91 0.95 0.82 0.86  0.89
PCC  0.92 0.92 0.95 0.84 0.87  0.90
RMSE 0.60 0.57 0.50 0.76 0.48  0.58
MAE  0.41 0.42 0.36 0.55 0.31  0.41
ACC  0.70 0.68 0.74 0.59 0.80  0.70
F1-b 0.88 0.90 0.94 0.83 0.80  0.87


epoch: 00008

        0    1    2    3    4  avr.
ICC  0.91 0.92 0.94 0.82 0.86  0.89
PCC  0.92 0.93 0.95 0.84 0.88  0.90
RMSE 0.59 0.56 0.52 0.76 0.47  0.58
MAE  0.39 0.41 0.35 0.53 0.31  0.40
ACC  0.72 0.68 0.75 0.61 0.80  0.71
F1-b 0.88 0.91 0.95 0.84 0.81  0.88


epoch: 00009

        0    1    2    3    4  avr.
ICC  0.85 0.91 0.93 0.82 0.85  0.87
PCC  0.88 0.92 0.94 0.85 0.85  0.89
RMSE 0.84 0.58 0.57 0.75 0.51  0.65
MAE  0.56 0.41 0.38 0.54 0.33  0.44
ACC  0.63 0.69 0.71 0.59 0.77  0.68
F1-b 0.87 0.91 0.95 0.83 0.78  0.87


epoch: 00010

        0    1    2    3    4  avr.
ICC  0.89 0.91 0.94 0.81 0.86  0.88
PCC  0.91 0.92 0.95 0.83 0.87  0.89
RMSE 0.66 0.67 0.50 0.79 0.49  0.62
MAE  0.45 0.51 0.35 0.59 0.35  0.45
ACC  0.66 0.62 0.74 0.54 0.76  0.67
F1-b 0.88 0.86 0.94 0.79 0.78  0.85


epoch: 00011

        0    1    2    3    4  avr.
ICC  0.91 0.91 0.94 0.83 0.84  0.89
PCC  0.91 0.92 0.95 0.85 0.86  0.90
RMSE 0.59 0.59 0.48 0.74 0.50  0.58
MAE  0.40 0.43 0.34 0.55 0.39  0.42
ACC  0.70 0.67 0.77 0.58 0.76  0.69
F1-b 0.88 0.89 0.94 0.82 0.78  0.86


epoch: 00012

        0    1    2    3    4  avr.
ICC  0.93 0.93 0.95 0.82 0.86  0.90
PCC  0.93 0.93 0.95 0.85 0.87  0.91
RMSE 0.56 0.54 0.48 0.81 0.47  0.57
MAE  0.39 0.39 0.33 0.59 0.33  0.41
ACC  0.73 0.71 0.77 0.56 0.79  0.71
F1-b 0.90 0.91 0.96 0.87 0.79  0.89


epoch: 00013

        0    1    2    3    4  avr.
ICC  0.92 0.92 0.94 0.86 0.88  0.90
PCC  0.93 0.93 0.95 0.87 0.88  0.91
RMSE 0.54 0.56 0.50 0.69 0.49  0.56
MAE  0.36 0.40 0.34 0.49 0.37  0.39
ACC  0.74 0.71 0.75 0.65 0.76  0.72
F1-b 0.89 0.91 0.95 0.86 0.78  0.88


epoch: 00014

        0    1    2    3    4  avr.
ICC  0.93 0.93 0.94 0.86 0.86  0.90
PCC  0.93 0.94 0.95 0.88 0.88  0.92
RMSE 0.51 0.51 0.50 0.71 0.50  0.55
MAE  0.35 0.37 0.34 0.49 0.32  0.37
ACC  0.75 0.75 0.75 0.64 0.79  0.74
F1-b 0.89 0.93 0.95 0.89 0.80  0.89


epoch: 00015

        0    1    2    3    4  avr.
ICC  0.93 0.94 0.96 0.86 0.86  0.91
PCC  0.94 0.94 0.96 0.87 0.88  0.92
RMSE 0.53 0.51 0.44 0.68 0.46  0.53
MAE  0.35 0.35 0.30 0.48 0.32  0.36
ACC  0.75 0.74 0.80 0.64 0.80  0.75
F1-b 0.90 0.93 0.95 0.86 0.83  0.89


epoch: 00016

        0    1    2    3    4  avr.
ICC  0.93 0.94 0.96 0.88 0.89  0.92
PCC  0.94 0.95 0.96 0.88 0.89  0.92
RMSE 0.51 0.49 0.46 0.65 0.44  0.51
MAE  0.34 0.34 0.31 0.45 0.30  0.35
ACC  0.74 0.76 0.78 0.67 0.81  0.75
F1-b 0.90 0.94 0.95 0.87 0.82  0.90


epoch: 00017

        0    1    2    3    4  avr.
ICC  0.93 0.92 0.95 0.83 0.87  0.90
PCC  0.93 0.93 0.96 0.86 0.89  0.91
RMSE 0.52 0.58 0.45 0.72 0.45  0.54
MAE  0.35 0.43 0.30 0.53 0.29  0.38
ACC  0.75 0.69 0.79 0.59 0.81  0.72
F1-b 0.89 0.89 0.95 0.84 0.84  0.88


epoch: 00018

        0    1    2    3    4  avr.
ICC  0.93 0.93 0.96 0.88 0.89  0.92
PCC  0.94 0.94 0.96 0.89 0.90  0.92
RMSE 0.52 0.52 0.45 0.64 0.42  0.51
MAE  0.35 0.37 0.30 0.46 0.28  0.35
ACC  0.74 0.73 0.79 0.66 0.83  0.75
F1-b 0.91 0.93 0.96 0.85 0.84  0.90
