

epoch: 00000

        0    1    2    3    4    5    6    7    8    9   10   11  avr.
ICC  0.69 0.70 0.88 0.29 0.83 0.67 0.90 0.68 0.68 0.35 0.93 0.65  0.69
PCC  0.73 0.72 0.88 0.43 0.85 0.67 0.90 0.72 0.72 0.43 0.94 0.73  0.73
RMSE 0.52 0.49 0.71 0.27 0.41 0.55 0.54 0.23 0.53 0.37 0.45 0.50  0.46
MAE  0.26 0.26 0.53 0.11 0.28 0.39 0.34 0.12 0.37 0.19 0.32 0.29  0.29
ACC  0.92 0.93 0.60 0.98 0.84 0.75 0.77 0.96 0.83 0.96 0.80 0.85  0.85
F1-b 0.60 0.49 0.61 0.33 0.73 0.35 0.76 0.60 0.59 0.48 0.87 0.53  0.58


epoch: 00001

        0    1    2    3    4    5    6    7    8    9   10   11  avr.
ICC  0.82 0.86 0.89 0.53 0.88 0.76 0.90 0.75 0.80 0.66 0.93 0.74  0.79
PCC  0.82 0.88 0.89 0.67 0.88 0.76 0.90 0.76 0.80 0.66 0.96 0.75  0.81
RMSE 0.46 0.37 0.54 0.23 0.42 0.40 0.45 0.24 0.42 0.37 0.43 0.42  0.40
MAE  0.21 0.17 0.35 0.10 0.28 0.22 0.31 0.15 0.26 0.22 0.28 0.25  0.23
ACC  0.92 0.96 0.79 0.98 0.83 0.90 0.80 0.95 0.85 0.89 0.81 0.87  0.88
F1-b 0.66 0.79 0.81 0.52 0.74 0.56 0.78 0.65 0.64 0.36 0.90 0.71  0.68


epoch: 00002

        0    1    2    3    4    5    6    7    8    9   10   11  avr.
ICC  0.84 0.87 0.90 0.73 0.89 0.67 0.91 0.76 0.79 0.71 0.96 0.76  0.82
PCC  0.84 0.87 0.92 0.81 0.90 0.77 0.92 0.76 0.81 0.71 0.96 0.77  0.84
RMSE 0.44 0.36 0.57 0.18 0.34 0.42 0.41 0.24 0.47 0.31 0.38 0.45  0.38
MAE  0.24 0.19 0.37 0.08 0.20 0.20 0.25 0.12 0.26 0.15 0.24 0.27  0.21
ACC  0.94 0.96 0.81 0.98 0.89 0.93 0.85 0.94 0.87 0.94 0.86 0.84  0.90
F1-b 0.77 0.74 0.87 0.59 0.85 0.63 0.84 0.62 0.69 0.53 0.92 0.65  0.73


epoch: 00003

        0    1    2    3    4    5    6    7    8    9   10   11  avr.
ICC  0.86 0.88 0.92 0.83 0.90 0.79 0.90 0.80 0.81 0.73 0.96 0.73  0.84
PCC  0.88 0.89 0.93 0.84 0.91 0.79 0.93 0.81 0.83 0.77 0.97 0.81  0.86
RMSE 0.36 0.29 0.46 0.18 0.33 0.36 0.44 0.21 0.37 0.26 0.36 0.40  0.34
MAE  0.16 0.11 0.26 0.07 0.18 0.19 0.26 0.10 0.19 0.12 0.22 0.21  0.17
ACC  0.95 0.96 0.84 0.98 0.89 0.93 0.82 0.96 0.91 0.97 0.86 0.88  0.91
F1-b 0.80 0.79 0.87 0.63 0.83 0.66 0.80 0.65 0.78 0.69 0.93 0.68  0.76


epoch: 00004

        0    1    2    3    4    5    6    7    8    9   10   11  avr.
ICC  0.87 0.90 0.94 0.76 0.92 0.84 0.93 0.79 0.83 0.79 0.97 0.82  0.86
PCC  0.89 0.92 0.94 0.90 0.92 0.84 0.93 0.81 0.84 0.79 0.97 0.82  0.88
RMSE 0.48 0.32 0.44 0.29 0.32 0.35 0.38 0.20 0.36 0.26 0.35 0.39  0.34
MAE  0.28 0.15 0.28 0.09 0.21 0.21 0.23 0.10 0.19 0.14 0.22 0.23  0.19
ACC  0.85 0.93 0.83 0.98 0.91 0.93 0.86 0.97 0.90 0.94 0.87 0.88  0.90
F1-b 0.51 0.68 0.86 0.72 0.86 0.77 0.84 0.79 0.73 0.57 0.93 0.78  0.75


epoch: 00005

        0    1    2    3    4    5    6    7    8    9   10   11  avr.
ICC  0.90 0.92 0.92 0.84 0.92 0.79 0.93 0.81 0.86 0.80 0.97 0.83  0.87
PCC  0.91 0.93 0.94 0.87 0.93 0.83 0.93 0.81 0.86 0.80 0.97 0.83  0.88
RMSE 0.34 0.25 0.45 0.19 0.29 0.36 0.37 0.21 0.35 0.26 0.34 0.36  0.31
MAE  0.18 0.12 0.25 0.08 0.18 0.18 0.22 0.11 0.20 0.15 0.21 0.20  0.17
ACC  0.95 0.97 0.85 0.98 0.91 0.94 0.85 0.96 0.92 0.94 0.88 0.90  0.92
F1-b 0.81 0.83 0.91 0.71 0.87 0.80 0.84 0.73 0.80 0.54 0.93 0.76  0.79


epoch: 00006

        0    1    2    3    4    5    6    7    8    9   10   11  avr.
ICC  0.89 0.87 0.94 0.84 0.91 0.84 0.93 0.74 0.86 0.82 0.96 0.79  0.87
PCC  0.89 0.89 0.94 0.88 0.92 0.85 0.94 0.79 0.86 0.82 0.97 0.79  0.88
RMSE 0.34 0.33 0.41 0.20 0.31 0.34 0.36 0.21 0.34 0.25 0.34 0.39  0.32
MAE  0.15 0.16 0.25 0.07 0.19 0.19 0.23 0.10 0.18 0.13 0.22 0.23  0.18
ACC  0.94 0.96 0.86 0.98 0.90 0.94 0.86 0.97 0.90 0.96 0.87 0.87  0.92
F1-b 0.80 0.77 0.89 0.73 0.86 0.82 0.83 0.69 0.75 0.66 0.92 0.70  0.79


epoch: 00007

        0    1    2    3    4    5    6    7    8    9   10   11  avr.
ICC  0.89 0.93 0.94 0.62 0.89 0.80 0.94 0.75 0.84 0.78 0.97 0.85  0.85
PCC  0.90 0.94 0.94 0.90 0.92 0.84 0.94 0.81 0.86 0.78 0.97 0.85  0.89
RMSE 0.33 0.23 0.41 0.49 0.36 0.34 0.37 0.22 0.36 0.27 0.36 0.37  0.34
MAE  0.16 0.11 0.25 0.13 0.22 0.15 0.22 0.12 0.22 0.14 0.23 0.22  0.18
ACC  0.95 0.96 0.86 0.97 0.88 0.95 0.86 0.97 0.91 0.95 0.86 0.89  0.92
F1-b 0.81 0.82 0.86 0.66 0.81 0.82 0.86 0.69 0.75 0.61 0.92 0.78  0.78


epoch: 00008

        0    1    2    3    4    5    6    7    8    9   10   11  avr.
ICC  0.90 0.91 0.95 0.86 0.93 0.86 0.94 0.82 0.84 0.79 0.97 0.84  0.88
PCC  0.91 0.92 0.95 0.86 0.94 0.86 0.95 0.83 0.86 0.81 0.97 0.84  0.89
RMSE 0.31 0.25 0.38 0.16 0.28 0.32 0.33 0.19 0.35 0.24 0.34 0.35  0.29
MAE  0.15 0.10 0.22 0.07 0.17 0.17 0.20 0.09 0.19 0.12 0.21 0.21  0.16
ACC  0.94 0.96 0.88 0.98 0.92 0.93 0.87 0.97 0.91 0.96 0.88 0.89  0.93
F1-b 0.82 0.79 0.90 0.67 0.88 0.74 0.85 0.73 0.80 0.73 0.93 0.79  0.80


epoch: 00009

        0    1    2    3    4    5    6    7    8    9   10   11  avr.
ICC  0.91 0.93 0.95 0.74 0.93 0.91 0.94 0.86 0.89 0.84 0.97 0.85  0.89
PCC  0.92 0.93 0.95 0.89 0.94 0.91 0.95 0.86 0.90 0.85 0.97 0.86  0.91
RMSE 0.33 0.24 0.38 0.31 0.29 0.26 0.34 0.18 0.32 0.24 0.31 0.34  0.30
MAE  0.18 0.10 0.22 0.08 0.18 0.15 0.20 0.08 0.18 0.15 0.20 0.18  0.16
ACC  0.95 0.97 0.90 0.98 0.91 0.95 0.88 0.97 0.92 0.97 0.89 0.90  0.93
F1-b 0.82 0.81 0.91 0.70 0.88 0.82 0.88 0.78 0.80 0.77 0.94 0.75  0.82


epoch: 00010

        0    1    2    3    4    5    6    7    8    9   10   11  avr.
ICC  0.94 0.93 0.95 0.88 0.93 0.90 0.95 0.87 0.88 0.85 0.97 0.87  0.91
PCC  0.94 0.94 0.95 0.89 0.93 0.91 0.95 0.87 0.89 0.85 0.97 0.87  0.91
RMSE 0.25 0.23 0.37 0.16 0.30 0.28 0.33 0.17 0.32 0.24 0.31 0.32  0.27
MAE  0.12 0.11 0.23 0.06 0.18 0.16 0.20 0.09 0.18 0.15 0.19 0.19  0.15
ACC  0.96 0.96 0.88 0.98 0.91 0.94 0.88 0.97 0.93 0.97 0.88 0.91  0.93
F1-b 0.87 0.86 0.91 0.67 0.85 0.74 0.88 0.78 0.82 0.72 0.93 0.79  0.82


epoch: 00011

        0    1    2    3    4    5    6    7    8    9   10   11  avr.
ICC  0.90 0.95 0.95 0.61 0.93 0.88 0.94 0.84 0.85 0.81 0.96 0.84  0.87
PCC  0.90 0.95 0.96 0.81 0.93 0.88 0.94 0.85 0.85 0.81 0.97 0.86  0.89
RMSE 0.34 0.21 0.39 0.45 0.29 0.31 0.35 0.20 0.35 0.26 0.35 0.33  0.32
MAE  0.19 0.10 0.25 0.18 0.19 0.19 0.23 0.11 0.19 0.14 0.21 0.18  0.18
ACC  0.90 0.97 0.87 0.89 0.92 0.93 0.87 0.95 0.91 0.95 0.88 0.92  0.91
F1-b 0.61 0.87 0.90 0.25 0.88 0.76 0.87 0.74 0.79 0.61 0.93 0.82  0.75


epoch: 00012

        0    1    2    3    4    5    6    7    8    9   10   11  avr.
ICC  0.93 0.95 0.96 0.83 0.92 0.91 0.95 0.85 0.86 0.86 0.97 0.87  0.90
PCC  0.94 0.95 0.96 0.90 0.93 0.91 0.95 0.85 0.88 0.86 0.97 0.87  0.91
RMSE 0.27 0.20 0.36 0.21 0.30 0.26 0.32 0.19 0.34 0.22 0.31 0.32  0.27
MAE  0.14 0.09 0.21 0.07 0.18 0.13 0.20 0.10 0.17 0.11 0.20 0.17  0.15
ACC  0.96 0.98 0.90 0.98 0.91 0.95 0.88 0.97 0.93 0.96 0.88 0.91  0.93
F1-b 0.83 0.86 0.92 0.76 0.88 0.85 0.88 0.77 0.81 0.71 0.95 0.80  0.83


epoch: 00013

        0    1    2    3    4    5    6    7    8    9   10   11  avr.
ICC  0.92 0.93 0.94 0.88 0.93 0.91 0.94 0.83 0.87 0.85 0.97 0.85  0.90
PCC  0.92 0.95 0.94 0.89 0.93 0.91 0.95 0.85 0.87 0.85 0.98 0.86  0.91
RMSE 0.30 0.25 0.49 0.16 0.29 0.26 0.34 0.18 0.32 0.22 0.30 0.34  0.29
MAE  0.17 0.14 0.31 0.06 0.18 0.13 0.20 0.10 0.17 0.11 0.18 0.19  0.16
ACC  0.95 0.96 0.80 0.98 0.92 0.96 0.88 0.97 0.91 0.96 0.89 0.91  0.92
F1-b 0.84 0.85 0.82 0.72 0.89 0.89 0.85 0.77 0.75 0.69 0.94 0.77  0.81


epoch: 00014

        0    1    2    3    4    5    6    7    8    9   10   11  avr.
ICC  0.91 0.93 0.95 0.87 0.93 0.85 0.94 0.87 0.88 0.84 0.97 0.86  0.90
PCC  0.93 0.95 0.95 0.90 0.94 0.88 0.95 0.88 0.89 0.86 0.98 0.87  0.91
RMSE 0.30 0.24 0.38 0.18 0.27 0.31 0.33 0.17 0.31 0.22 0.30 0.32  0.28
MAE  0.14 0.11 0.22 0.07 0.16 0.13 0.20 0.09 0.16 0.12 0.19 0.18  0.15
ACC  0.95 0.97 0.86 0.98 0.92 0.96 0.88 0.98 0.92 0.97 0.89 0.92  0.93
F1-b 0.84 0.84 0.89 0.74 0.90 0.87 0.88 0.80 0.79 0.75 0.95 0.80  0.84


epoch: 00015

        0    1    2    3    4    5    6    7    8    9   10   11  avr.
ICC  0.93 0.95 0.96 0.76 0.94 0.91 0.95 0.83 0.87 0.89 0.97 0.84  0.90
PCC  0.93 0.95 0.96 0.90 0.94 0.93 0.95 0.84 0.89 0.89 0.98 0.85  0.92
RMSE 0.28 0.21 0.37 0.29 0.27 0.29 0.33 0.19 0.33 0.19 0.30 0.35  0.28
MAE  0.12 0.09 0.21 0.09 0.17 0.12 0.20 0.10 0.17 0.09 0.18 0.21  0.15
ACC  0.96 0.97 0.86 0.98 0.93 0.95 0.88 0.98 0.93 0.97 0.90 0.89  0.93
F1-b 0.86 0.85 0.88 0.68 0.90 0.84 0.88 0.81 0.81 0.75 0.95 0.79  0.83


epoch: 00016

        0    1    2    3    4    5    6    7    8    9   10   11  avr.
ICC  0.94 0.94 0.95 0.79 0.93 0.93 0.95 0.88 0.88 0.89 0.97 0.84  0.91
PCC  0.94 0.95 0.96 0.90 0.94 0.93 0.95 0.88 0.89 0.89 0.98 0.85  0.92
RMSE 0.26 0.21 0.36 0.26 0.28 0.24 0.32 0.16 0.31 0.20 0.31 0.36  0.27
MAE  0.12 0.09 0.19 0.08 0.17 0.14 0.19 0.07 0.16 0.09 0.19 0.20  0.14
ACC  0.96 0.97 0.89 0.98 0.92 0.96 0.89 0.98 0.93 0.97 0.89 0.90  0.94
F1-b 0.86 0.85 0.90 0.70 0.90 0.86 0.88 0.83 0.84 0.80 0.95 0.76  0.84


epoch: 00017

        0    1    2    3    4    5    6    7    8    9   10   11  avr.
ICC  0.95 0.94 0.96 0.81 0.94 0.94 0.95 0.87 0.89 0.87 0.98 0.89  0.92
PCC  0.95 0.96 0.96 0.92 0.95 0.94 0.95 0.88 0.90 0.88 0.98 0.90  0.93
RMSE 0.23 0.20 0.34 0.24 0.27 0.20 0.31 0.16 0.29 0.22 0.27 0.29  0.25
MAE  0.11 0.08 0.19 0.08 0.16 0.10 0.20 0.07 0.14 0.09 0.17 0.17  0.13
ACC  0.96 0.97 0.90 0.98 0.93 0.97 0.89 0.98 0.94 0.97 0.92 0.93  0.94
F1-b 0.88 0.88 0.91 0.76 0.92 0.88 0.89 0.78 0.83 0.75 0.95 0.84  0.86


epoch: 00018

        0    1    2    3    4    5    6    7    8    9   10   11  avr.
ICC  0.91 0.92 0.96 0.83 0.95 0.91 0.95 0.89 0.91 0.88 0.98 0.86  0.91
PCC  0.93 0.94 0.96 0.92 0.95 0.92 0.95 0.89 0.91 0.89 0.98 0.87  0.93
RMSE 0.30 0.24 0.37 0.22 0.25 0.26 0.33 0.16 0.27 0.22 0.28 0.32  0.27
MAE  0.14 0.10 0.22 0.07 0.14 0.13 0.21 0.08 0.14 0.11 0.18 0.19  0.14
ACC  0.95 0.96 0.89 0.98 0.94 0.96 0.88 0.98 0.94 0.96 0.90 0.90  0.94
F1-b 0.86 0.83 0.92 0.76 0.91 0.88 0.88 0.81 0.84 0.74 0.95 0.78  0.85
